0.843873349064 -0.0487333333333 -0.0974666666667
0.843873349064 -0.0464666666667 -0.0974666666667
0.832769752366 -0.0447368421053 -0.0961842105263
0.832769752366 -0.0425 -0.0961842105263
0.832769752366 -0.0425 -0.0961842105263
0.832769752366 -0.0402631578947 -0.0973026315789
0.821954560777 -0.0364285714286 -0.0949350649351
0.811416681793 -0.0326923076923 -0.0937179487179
0.811416681793 -0.0283333333333 -0.0937179487179
0.811416681793 -0.0239743589744 -0.0937179487179
0.821954560777 -0.0187662337662 -0.0949350649351
0.811416681793 -0.0130769230769 -0.0937179487179
0.821954560777 -0.00993506493506 -0.096038961039
0.832769752366 -0.00447368421053 -0.0973026315789
0.821954560777 0.0011038961039 -0.0971428571429
0.821954560777 0.00331168831169 -0.0982467532468
0.821954560777 0.0011038961039 -0.0982467532468
0.811416681793 -0.00435897435897 -0.0980769230769
0.821954560777 -0.00993506493506 -0.0982467532468
0.811416681793 -0.0283333333333 -0.0991666666667
0.821954560777 -0.0452597402597 -0.100454545455
0.811416681793 -0.0675641025641 -0.0991666666667
0.811416681793 -0.0915384615385 -0.0991666666667
0.811416681793 -0.117692307692 -0.0969871794872
0.801145584555 -0.140949367089 -0.0914556962025
0.771835380242 -0.167926829268 -0.0881097560976
0.744594131527 -0.189 -0.082
0.73593606023 -0.193720930233 -0.0790697674419
0.73593606023 -0.197674418605 -0.0780813953488
0.71112922674 -0.188146067416 -0.0716292134831
0.703227790887 -0.183222222222 -0.0689444444444
0.680543023439 -0.176397849462 -0.063064516129
0.666215801893 -0.178052631579 -0.0590526315789
0.652479393606 -0.183144329897 -0.0560824742268
0.639297991715 -0.201767676768 -0.0515151515152
0.620495109606 -0.226666666667 -0.0466666666667
0.59708019981 -0.240566037736 -0.0416981132075
0.586023159072 -0.267592592593 -0.0369907407407
0.575368192544 -0.279727272727 -0.0332272727273
0.570184695314 -0.291756756757 -0.0321621621622
0.560092930795 -0.301637168142 -0.0308407079646
0.565093760534 -0.309642857143 -0.0303571428571
0.565093760534 -0.311160714286 -0.0280803571429
0.555179834911 -0.307192982456 -0.0283333333333
0.565093760534 -0.314196428571 -0.0280803571429
0.565093760534 -0.314196428571 -0.0280803571429
0.565093760534 -0.315714285714 -0.0280803571429
0.565093760534 -0.315714285714 -0.0280803571429
0.565093760534 -0.317232142857 -0.0280803571429
0.560092930795 -0.31517699115 -0.0278318584071
0.565093760534 -0.31875 -0.0280803571429
0.560092930795 -0.316681415929 -0.0278318584071
0.550352184172 -0.311173913043 -0.0280869565217
0.555179834911 -0.311666666667 -0.0290789473684
0.560092930795 -0.310663716814 -0.0300884955752
0.570184695314 -0.308603603604 -0.0321621621622
0.586023159072 -0.306944444444 -0.0330555555556
0.602766677903 -0.298714285714 -0.0380476190476
0.639297991715 -0.299646464646 -0.0412121212121
0.64582144061 -0.291428571429 -0.0442346938776
0.652479393606 -0.290051546392 -0.0464432989691
0.64582144061 -0.284489795918 -0.0477040816327
0.64582144061 -0.284489795918 -0.0485714285714
0.639297991715 -0.280757575758 -0.0489393939394
0.64582144061 -0.279285714286 -0.0511734693878
0.659276053956 -0.269166666667 -0.05578125
0.673303204041 -0.260425531915 -0.0569680851064
0.687940230215 -0.249456521739 -0.0600543478261
0.687940230215 -0.247608695652 -0.0609782608696
0.680543023439 -0.245860215054 -0.0639784946237
0.687940230215 -0.249456521739 -0.0646739130435
0.703227790887 -0.253111111111 -0.0670555555556
0.727477025055 -0.253045977011 -0.0713218390805
0.744594131527 -0.251 -0.073
0.753458347379 -0.23880952381 -0.074880952381
0.762536158793 -0.23656626506 -0.0757831325301
0.762536158793 -0.230421686747 -0.0768072289157
0.762536158793 -0.226325301205 -0.0778313253012
0.762536158793 -0.226325301205 -0.0798795180723
0.753458347379 -0.224642857143 -0.0799404761905
0.762536158793 -0.228373493976 -0.0798795180723
0.771835380242 -0.232195121951 -0.0839634146341
0.771835380242 -0.23012195122 -0.085
0.791131264748 -0.231625 -0.0860625
0.811416681793 -0.231025641026 -0.0882692307692
0.821954560777 -0.224090909091 -0.0883116883117
0.843873349064 -0.221 -0.0906666666667
0.855277042971 -0.215945945946 -0.0918918918919
0.879034738609 -0.217222222222 -0.0932638888889
0.891415509575 -0.219084507042 -0.0957746478873
0.917253640287 -0.227898550725 -0.0997826086957
0.917253640287 -0.232826086957 -0.0997826086957
0.930742664409 -0.2475 -0.1025
0.958946987573 -0.260151515152 -0.108181818182
0.944634345967 -0.249925373134 -0.105298507463
0.958946987573 -0.242121212121 -0.106893939394
0.958946987573 -0.229242424242 -0.106893939394
0.930742664409 -0.205 -0.1025
0.930742664409 -0.19 -0.10125
0.891415509575 -0.154436619718 -0.0969718309859
0.866993166847 -0.136232876712 -0.0954794520548
0.855277042971 -0.126351351351 -0.0941891891892
0.843873349064 -0.121266666667 -0.0952
0.832769752366 -0.125263157895 -0.0973026315789
0.832769752366 -0.129736842105 -0.0984210526316
0.855277042971 -0.130945945946 -0.104527027027
0.855277042971 -0.126351351351 -0.104527027027
0.855277042971 -0.114864864865 -0.104527027027
0.855277042971 -0.103378378378 -0.104527027027
0.821954560777 -0.073961038961 -0.0982467532468
0.821954560777 -0.0562987012987 -0.0993506493506
0.832769752366 -0.0514473684211 -0.0995394736842
0.821954560777 -0.0452597402597 -0.0971428571429
0.821954560777 -0.0386363636364 -0.0971428571429
0.821954560777 -0.0364285714286 -0.096038961039
0.843873349064 -0.0419333333333 -0.0997333333333
0.832769752366 -0.0469736842105 -0.0984210526316
0.843873349064 -0.0555333333333 -0.0997333333333
0.866993166847 -0.0663698630137 -0.103630136986
0.879034738609 -0.0708333333333 -0.102708333333
0.879034738609 -0.0708333333333 -0.102708333333
0.879034738609 -0.0684722222222 -0.100347222222
0.879034738609 -0.06375 -0.0991666666667
0.855277042971 -0.0436486486486 -0.0964864864865
0.832769752366 0.0 -0.0950657894737
0.843873349064 0.0102 -0.0929333333333
0.855277042971 0.0183783783784 -0.0930405405405
0.855277042971 0.0252702702703 -0.0907432432432
0.855277042971 0.0275675675676 -0.0941891891892
0.879034738609 0.0259722222222 -0.100347222222
0.866993166847 0.0197945205479 -0.0989726027397
0.879034738609 0.0118055555556 -0.0991666666667
0.866993166847 0.00815068493151 -0.100136986301
0.866993166847 0.00582191780822 -0.100136986301
0.866993166847 0.00582191780822 -0.0978082191781
0.843873349064 0.0102 -0.0940666666667
0.855277042971 0.0160810810811 -0.0964864864865
0.855277042971 0.022972972973 -0.0964864864865
0.855277042971 0.0321621621622 -0.0953378378378
0.843873349064 0.0374 -0.0940666666667
0.821954560777 0.0607142857143 -0.0894155844156
0.821954560777 0.0695454545455 -0.0883116883117
0.832769752366 0.0782894736842 -0.0872368421053
0.855277042971 0.085 -0.0872972972973
0.843873349064 0.085 -0.0861333333333
0.832769752366 0.085 -0.0872368421053
0.821954560777 0.0805844155844 -0.0872077922078
0.843873349064 0.0759333333333 -0.0884
0.832769752366 0.0738157894737 -0.0883552631579
0.832769752366 0.0715789473684 -0.0905921052632
0.832769752366 0.0715789473684 -0.0905921052632
0.832769752366 0.0715789473684 -0.0905921052632
0.832769752366 0.0760526315789 -0.0883552631579
0.811416681793 0.0784615384615 -0.0860897435897
0.811416681793 0.0871794871795 -0.0839102564103
0.821954560777 0.096038961039 -0.0827922077922
0.811416681793 0.113333333333 -0.0784615384615
0.791131264748 0.125375 -0.0754375
0.791131264748 0.133875 -0.0733125
0.781364212097 0.141666666667 -0.0713580246914
0.771835380242 0.155487804878 -0.0673780487805
0.753458347379 0.161904761905 -0.0657738095238
0.753458347379 0.167976190476 -0.06375
0.744594131527 0.169 -0.062
0.73593606023 0.164069767442 -0.0602906976744
0.727477025055 0.157298850575 -0.0605747126437
0.744594131527 0.163 -0.062
0.753458347379 0.176071428571 -0.0607142857143
0.744594131527 0.183 -0.058
0.727477025055 0.194425287356 -0.0547126436782
0.687940230215 0.195869565217 -0.0498913043478
0.687940230215 0.197717391304 -0.0508152173913
0.703227790887 0.202111111111 -0.0519444444444
0.703227790887 0.200222222222 -0.051
0.703227790887 0.198333333333 -0.0500555555556
0.703227790887 0.196444444444 -0.0500555555556
0.727477025055 0.20224137931 -0.0508045977011
0.727477025055 0.204195402299 -0.0488505747126
0.71921024068 0.208636363636 -0.0463636363636
0.687940230215 0.206956521739 -0.044347826087
0.680543023439 0.211129032258 -0.0429569892473
0.652479393606 0.21118556701 -0.034175257732
0.666215801893 0.221 -0.0331052631579
0.659276053956 0.224895833333 -0.0336458333333
0.659276053956 0.2284375 -0.0327604166667
0.652479393606 0.228711340206 -0.0324226804124
0.64582144061 0.230714285714 -0.0320918367347
0.626638625543 0.226386138614 -0.0311386138614
0.614470885241 0.22859223301 -0.0305339805825
0.608562511344 0.237019230769 -0.0302403846154
0.59708019981 0.245377358491 -0.0272641509434
0.602766677903 0.250142857143 -0.0275238095238
0.591500011026 0.25023364486 -0.0270093457944
0.59708019981 0.255 -0.0264622641509
0.602766677903 0.256619047619 -0.0267142857143
0.614470885241 0.246747572816 -0.031359223301
0.632905011798 0.2346 -0.03485
0.666215801893 0.224578947368 -0.0384736842105
0.687940230215 0.214347826087 -0.0425
0.71112922674 0.191966292135 -0.0496629213483
0.781364212097 0.162654320988 -0.0503703703704
0.771835380242 0.126463414634 -0.0580487804878
0.811416681793 0.113333333333 -0.0642948717949
0.801145584555 0.0936075949367 -0.0688607594937
0.811416681793 0.0828205128205 -0.0730128205128
0.821954560777 0.073961038961 -0.0783766233766
0.832769752366 0.0693421052632 -0.0805263157895
0.821954560777 0.0651298701299 -0.0838961038961
0.843873349064 0.0646 -0.0884
0.843873349064 0.0646 -0.0906666666667
0.843873349064 0.0623333333333 -0.0918
0.866993166847 0.0593835616438 -0.0966438356164
0.879034738609 0.0425 -0.0991666666667
0.904150016855 0.0291428571429 -0.104428571429
0.917253640287 0.0209420289855 -0.108405797101
0.904150016855 -0.00728571428571 -0.106857142857
0.917253640287 -0.0258695652174 -0.109637681159
0.917253640287 -0.040652173913 -0.110869565217
0.917253640287 -0.0529710144928 -0.110869565217
0.917253640287 -0.0628260869565 -0.110869565217
0.904150016855 -0.0704285714286 -0.109285714286
0.917253640287 -0.0726811594203 -0.110869565217
0.904150016855 -0.068 -0.109285714286
0.917253640287 -0.0652898550725 -0.110869565217
0.904150016855 -0.0582857142857 -0.108071428571
0.917253640287 -0.0505072463768 -0.110869565217
0.917253640287 -0.0455797101449 -0.110869565217
0.917253640287 -0.0455797101449 -0.110869565217
0.904150016855 -0.0485714285714 -0.108071428571
0.891415509575 -0.0490845070423 -0.106549295775
0.891415509575 -0.0562676056338 -0.105352112676
0.891415509575 -0.0706338028169 -0.106549295775
0.866993166847 -0.085 -0.102465753425
0.866993166847 -0.101301369863 -0.102465753425
0.866993166847 -0.115273972603 -0.102465753425
0.866993166847 -0.119931506849 -0.102465753425
0.866993166847 -0.124589041096 -0.104794520548
0.866993166847 -0.124589041096 -0.104794520548
0.879034738609 -0.122777777778 -0.10625
0.879034738609 -0.120416666667 -0.10625
0.891415509575 -0.118521126761 -0.105352112676
0.879034738609 -0.113333333333 -0.105069444444
0.879034738609 -0.108611111111 -0.105069444444
0.866993166847 -0.101301369863 -0.104794520548
0.866993166847 -0.101301369863 -0.104794520548
0.866993166847 -0.0989726027397 -0.104794520548
0.866993166847 -0.0966438356164 -0.104794520548
0.866993166847 -0.0943150684932 -0.104794520548
0.855277042971 -0.0918918918919 -0.10222972973
0.855277042971 -0.0918918918919 -0.0999324324324
0.855277042971 -0.0918918918919 -0.0964864864865
0.843873349064 -0.0940666666667 -0.0929333333333
0.832769752366 -0.0961842105263 -0.0883552631579
0.832769752366 -0.102894736842 -0.0872368421053
0.811416681793 -0.104615384615 -0.085
0.801145584555 -0.112974683544 -0.0796202531646
0.791131264748 -0.121125 -0.0754375
0.771835380242 -0.126463414634 -0.0715243902439
0.771835380242 -0.128536585366 -0.0715243902439
0.762536158793 -0.130060240964 -0.0686144578313
0.753458347379 -0.1275 -0.0677976190476
0.744594131527 -0.125 -0.065
0.744594131527 -0.121 -0.064
0.744594131527 -0.115 -0.062
0.744594131527 -0.103 -0.059
0.744594131527 -0.097 -0.057
0.753458347379 -0.0930952380952 -0.0576785714286
0.753458347379 -0.0870238095238 -0.0546428571429
0.753458347379 -0.0769047619048 -0.052619047619
0.753458347379 -0.0728571428571 -0.0516071428571
0.771835380242 -0.0725609756098 -0.0518292682927
0.771835380242 -0.0725609756098 -0.0518292682927
0.753458347379 -0.074880952381 -0.0475595238095
0.744594131527 -0.081 -0.045
0.744594131527 -0.089 -0.044
0.73593606023 -0.0948837209302 -0.041511627907
0.73593606023 -0.108720930233 -0.0375581395349
0.71921024068 -0.115909090909 -0.0357386363636
0.71112922674 -0.12702247191 -0.0343820224719
0.703227790887 -0.132222222222 -0.0330555555556
0.695500012965 -0.13543956044 -0.0317582417582
0.695500012965 -0.141043956044 -0.0317582417582
0.695500012965 -0.14478021978 -0.0317582417582
0.695500012965 -0.14478021978 -0.0298901098901
0.703227790887 -0.143555555556 -0.0292777777778
0.703227790887 -0.137888888889 -0.0283333333333
0.703227790887 -0.130333333333 -0.0283333333333
0.703227790887 -0.122777777778 -0.0264444444444
0.695500012965 -0.109285714286 -0.0242857142857
0.695500012965 -0.101813186813 -0.0242857142857
0.71112922674 -0.0983707865169 -0.0238764044944
0.703227790887 -0.085 -0.0217222222222
0.703227790887 -0.0812222222222 -0.0198333333333
0.71112922674 -0.0811797752809 -0.0181460674157
0.695500012965 -0.0812637362637 -0.014010989011
0.687940230215 -0.0813043478261 -0.0138586956522
0.687940230215 -0.085 -0.0110869565217
0.680543023439 -0.0886559139785 -0.0109677419355
0.673303204041 -0.0904255319149 -0.00994680851064
0.673303204041 -0.0940425531915 -0.00994680851064
0.666215801893 -0.0975263157895 -0.00715789473684
0.666215801893 -0.102894736842 -0.00715789473684
0.652479393606 -0.106030927835 -0.00613402061856
0.64582144061 -0.111020408163 -0.00520408163265
0.652479393606 -0.116546391753 -0.00438144329897
0.64582144061 -0.119693877551 -0.0034693877551
0.632905011798 -0.1207 -0.00255
0.632905011798 -0.1224 -0.0017
0.626638625543 -0.123712871287 -0.00168316831683
0.620495109606 -0.123333333333 -0.00166666666667
0.626638625543 -0.125396039604 -0.00168316831683
0.626638625543 -0.125396039604 -0.00420792079208
0.626638625543 -0.123712871287 -0.00589108910891
0.626638625543 -0.120346534653 -0.00841584158416
0.632905011798 -0.1173 -0.0119
0.639297991715 -0.114191919192 -0.0137373737374
0.639297991715 -0.10904040404 -0.0154545454545
0.64582144061 -0.107551020408 -0.0164795918367
0.652479393606 -0.102525773196 -0.0201546391753
0.673303204041 -0.0994680851064 -0.0235106382979
0.673303204041 -0.0886170212766 -0.0271276595745
0.680543023439 -0.0831720430108 -0.0310752688172
0.687940230215 -0.0776086956522 -0.0341847826087
0.695500012965 -0.0719230769231 -0.0373626373626
0.703227790887 -0.068 -0.0406111111111
0.71112922674 -0.0658988764045 -0.0420224719101
0.727477025055 -0.0635057471264 -0.0459195402299
0.727477025055 -0.0615517241379 -0.0488505747126
0.727477025055 -0.0615517241379 -0.0498275862069
0.727477025055 -0.0635057471264 -0.0517816091954
0.73593606023 -0.0711627906977 -0.0543604651163
0.744594131527 -0.081 -0.057
0.753458347379 -0.0971428571429 -0.0597023809524
0.753458347379 -0.107261904762 -0.0627380952381
0.771835380242 -0.120243902439 -0.0673780487805
0.771835380242 -0.124390243902 -0.0684146341463
0.771835380242 -0.130609756098 -0.0694512195122
0.791131264748 -0.138125 -0.0733125
0.801145584555 -0.138797468354 -0.0774683544304
0.811416681793 -0.137307692308 -0.0828205128205
0.832769752366 -0.131973684211 -0.0861184210526
0.832769752366 -0.120789473684 -0.0894736842105
0.855277042971 -0.103378378378 -0.0976351351351
0.866993166847 -0.0896575342466 -0.103630136986
0.866993166847 -0.0826712328767 -0.10595890411
0.879034738609 -0.0779166666667 -0.109791666667
0.879034738609 -0.0708333333333 -0.110972222222
0.879034738609 -0.0661111111111 -0.114513888889
0.879034738609 -0.0661111111111 -0.114513888889
0.891415509575 -0.0658450704225 -0.116126760563
0.891415509575 -0.0682394366197 -0.117323943662
0.879034738609 -0.0708333333333 -0.115694444444
0.904150016855 -0.0752857142857 -0.119
0.891415509575 -0.0778169014085 -0.117323943662
0.879034738609 -0.0779166666667 -0.115694444444
0.879034738609 -0.0826388888889 -0.114513888889
0.879034738609 -0.0873611111111 -0.116875
0.879034738609 -0.0920833333333 -0.119236111111
0.866993166847 -0.0943150684932 -0.121095890411
0.866993166847 -0.0966438356164 -0.123424657534
0.879034738609 -0.0968055555556 -0.126319444444
0.879034738609 -0.0968055555556 -0.126319444444
0.891415509575 -0.0969718309859 -0.128098591549
0.891415509575 -0.0921830985915 -0.128098591549
0.904150016855 -0.0874285714286 -0.129928571429
0.917253640287 -0.0825362318841 -0.133043478261
0.917253640287 -0.0776086956522 -0.136739130435
0.944634345967 -0.0748507462687 -0.142089552239
0.930742664409 -0.07 -0.14
0.944634345967 -0.0723134328358 -0.144626865672
0.944634345967 -0.0748507462687 -0.145895522388
0.958946987573 -0.0824242424242 -0.149393939394
0.944634345967 -0.085 -0.147164179104
0.944634345967 -0.0926119402985 -0.148432835821
0.944634345967 -0.100223880597 -0.149701492537
0.930742664409 -0.1025 -0.1475
0.944634345967 -0.107835820896 -0.15223880597
0.930742664409 -0.1075 -0.15
0.930742664409 -0.1075 -0.15
0.944634345967 -0.107835820896 -0.153507462687
0.958946987573 -0.105606060606 -0.155833333333
0.973700018151 -0.103307692308 -0.160846153846
0.958946987573 -0.100454545455 -0.159696969697
0.958946987573 -0.095303030303 -0.160984848485
0.958946987573 -0.0875757575758 -0.164848484848
0.973700018151 -0.0823846153846 -0.167384615385
1.00461112984 -0.0742063492063 -0.175396825397
1.00461112984 -0.0661111111111 -0.178095238095
1.02081453516 -0.0603225806452 -0.182338709677
1.02081453516 -0.0548387096774 -0.183709677419
1.02081453516 -0.0493548387097 -0.185080645161
1.02081453516 -0.0493548387097 -0.185080645161
1.03754919967 -0.0515573770492 -0.186721311475
1.03754919967 -0.0543442622951 -0.186721311475
1.03754919967 -0.0599180327869 -0.188114754098
1.00461112984 -0.0607142857143 -0.179444444444
1.02081453516 -0.0685483870968 -0.182338709677
1.00461112984 -0.0742063492063 -0.176746031746
1.00461112984 -0.0823015873016 -0.178095238095
0.988914080935 -0.09828125 -0.173984375
0.988914080935 -0.1115625 -0.173984375
0.958946987573 -0.133939393939 -0.164848484848
0.958946987573 -0.146818181818 -0.166136363636
0.944634345967 -0.153507462687 -0.162388059701
0.930742664409 -0.165 -0.15875
0.930742664409 -0.175 -0.16
0.930742664409 -0.185 -0.16125
0.930742664409 -0.19 -0.1625
0.930742664409 -0.1925 -0.1625
0.930742664409 -0.1925 -0.1625
0.930742664409 -0.1925 -0.1625
0.930742664409 -0.19 -0.16375
0.944634345967 -0.191567164179 -0.164925373134
0.944634345967 -0.189029850746 -0.164925373134
0.930742664409 -0.185 -0.1625
0.930742664409 -0.185 -0.1625
0.930742664409 -0.1825 -0.1625
0.944634345967 -0.186492537313 -0.164925373134
0.930742664409 -0.1825 -0.16125
0.944634345967 -0.186492537313 -0.162388059701
0.944634345967 -0.186492537313 -0.164925373134
0.930742664409 -0.185 -0.16625
0.904150016855 -0.177285714286 -0.168785714286
0.891415509575 -0.171197183099 -0.174788732394
0.855277042971 -0.163108108108 -0.175743243243
0.843873349064 -0.1598 -0.1836
0.791131264748 -0.150875 -0.1859375
0.781364212097 -0.145864197531 -0.200432098765
0.744594131527 -0.135 -0.208
0.703227790887 -0.126555555556 -0.202111111111
0.695500012965 -0.133571428571 -0.218571428571
0.744594131527 -0.143 -0.243
0.753458347379 -0.145714285714 -0.253988095238
0.771835380242 -0.149268292683 -0.261219512195
0.771835380242 -0.149268292683 -0.259146341463
0.791131264748 -0.153 -0.2624375
0.791131264748 -0.153 -0.2603125
0.801145584555 -0.153860759494 -0.26253164557
0.801145584555 -0.153860759494 -0.26253164557
0.801145584555 -0.153860759494 -0.26253164557
0.801145584555 -0.153860759494 -0.261455696203
0.801145584555 -0.153860759494 -0.260379746835
0.811416681793 -0.154743589744 -0.262628205128
0.832769752366 -0.158815789474 -0.263947368421
0.855277042971 -0.163108108108 -0.265337837838
0.891415509575 -0.168802816901 -0.259788732394
0.891415509575 -0.166408450704 -0.250211267606
0.891415509575 -0.164014084507 -0.22985915493
0.917253640287 -0.16384057971 -0.219275362319
0.944634345967 -0.166194029851 -0.213134328358
0.958946987573 -0.164848484848 -0.204772727273
0.944634345967 -0.161119402985 -0.190298507463
0.944634345967 -0.158582089552 -0.180149253731
0.958946987573 -0.159696969697 -0.179015151515
0.973700018151 -0.163461538462 -0.175230769231
0.973700018151 -0.163461538462 -0.175230769231
0.958946987573 -0.162272727273 -0.167424242424
0.973700018151 -0.166076923077 -0.17
0.958946987573 -0.167424242424 -0.167424242424
0.958946987573 -0.17 -0.166136363636
0.958946987573 -0.172575757576 -0.163560606061
0.958946987573 -0.172575757576 -0.163560606061
0.944634345967 -0.171268656716 -0.162388059701
0.944634345967 -0.171268656716 -0.162388059701
0.944634345967 -0.171268656716 -0.161119402985
0.958946987573 -0.172575757576 -0.155833333333
0.988914080935 -0.17265625 -0.147421875
1.00461112984 -0.171349206349 -0.134920634921
0.973700018151 -0.158230769231 -0.113769230769
0.988914080935 -0.15671875 -0.104921875
1.00461112984 -0.160555555556 -0.091746031746
1.02081453516 -0.161774193548 -0.0932258064516
1.02081453516 -0.161774193548 -0.0918548387097
1.03754919967 -0.165819672131 -0.0919672131148
1.03754919967 -0.165819672131 -0.0933606557377
1.02081453516 -0.164516129032 -0.0987096774194
1.02081453516 -0.167258064516 -0.105564516129
1.02081453516 -0.167258064516 -0.112419354839
1.00461112984 -0.165952380952 -0.113333333333
0.988914080935 -0.1646875 -0.11953125
0.988914080935 -0.17 -0.13546875
0.973700018151 -0.168692307692 -0.149076923077
0.958946987573 -0.167424242424 -0.155833333333
0.973700018151 -0.171307692308 -0.162153846154
1.00461112984 -0.176746031746 -0.167301587302
0.988914080935 -0.17265625 -0.166015625
0.988914080935 -0.17265625 -0.16734375
1.00461112984 -0.174047619048 -0.171349206349
0.988914080935 -0.17265625 -0.168671875
1.00461112984 -0.176746031746 -0.171349206349
1.00461112984 -0.176746031746 -0.17
1.00461112984 -0.179444444444 -0.17
0.973700018151 -0.179153846154 -0.164769230769
0.988914080935 -0.1859375 -0.17
0.958946987573 -0.185454545455 -0.167424242424
0.944634345967 -0.189029850746 -0.171268656716
0.944634345967 -0.194104477612 -0.177611940299
0.904150016855 -0.191857142857 -0.177285714286
0.879034738609 -0.19125 -0.181805555556
0.855277042971 -0.186081081081 -0.189527027027
0.891415509575 -0.192746478873 -0.208309859155
0.891415509575 -0.187957746479 -0.217887323944
0.866993166847 -0.175821917808 -0.218904109589
0.855277042971 -0.165405405405 -0.226283783784
0.843873349064 -0.153 -0.230066666667
0.855277042971 -0.151621621622 -0.235472972973
0.843873349064 -0.143933333333 -0.232333333333
0.855277042971 -0.140135135135 -0.234324324324
0.855277042971 -0.137837837838 -0.232027027027
0.855277042971 -0.130945945946 -0.227432432432
0.866993166847 -0.126917808219 -0.228219178082
0.866993166847 -0.124589041096 -0.225890410959
0.879034738609 -0.125138888889 -0.229027777778
0.879034738609 -0.125138888889 -0.223125
0.904150016855 -0.128714285714 -0.216142857143
0.973700018151 -0.137307692308 -0.215769230769
0.988914080935 -0.14078125 -0.203203125
0.973700018151 -0.139923076923 -0.189615384615
0.958946987573 -0.144242424242 -0.179015151515
0.944634345967 -0.148432835821 -0.173805970149
0.930742664409 -0.1525 -0.1675
0.917253640287 -0.15152173913 -0.16384057971
0.904150016855 -0.143285714286 -0.165142857143
0.904150016855 -0.131142857143 -0.166357142857
0.917253640287 -0.114565217391 -0.171231884058
0.944634345967 -0.107835820896 -0.178880597015
0.930742664409 -0.1025 -0.18125
0.930742664409 -0.105 -0.18375
0.930742664409 -0.1075 -0.18625
0.930742664409 -0.1075 -0.18625
0.958946987573 -0.108181818182 -0.189318181818
0.973700018151 -0.103307692308 -0.190923076923
0.958946987573 -0.0901515151515 -0.186742424242
0.930742664409 -0.075 -0.18125
0.930742664409 -0.0625 -0.1825
0.917253640287 -0.0505072463768 -0.181086956522
0.958946987573 -0.0386363636364 -0.189318181818
0.958946987573 -0.0231818181818 -0.18803030303
0.944634345967 -0.00888059701493 -0.186492537313
0.973700018151 -0.00915384615385 -0.193538461538
0.973700018151 -0.0117692307692 -0.193538461538
0.988914080935 -0.01328125 -0.200546875
0.973700018151 -0.0117692307692 -0.197461538462
0.988914080935 -0.0053125 -0.201875
0.973700018151 0.00392307692308 -0.200076923077
0.988914080935 0.0265625 -0.208515625
0.973700018151 0.0431538461538 -0.211846153846
0.958946987573 0.0566666666667 -0.211212121212
0.944634345967 0.0621641791045 -0.216940298507
0.930742664409 0.0625 -0.22125
0.917253640287 0.0578985507246 -0.226666666667
0.904150016855 0.0485714285714 -0.231928571429
0.866993166847 0.0337671232877 -0.23404109589
0.879034738609 0.0306944444444 -0.247916666667
0.917253640287 0.0307971014493 -0.268550724638
0.891415509575 0.0275352112676 -0.277746478873
0.811416681793 0.0326923076923 -0.274615384615
0.843873349064 0.0374 -0.300333333333
0.843873349064 0.0396666666667 -0.3128
0.821954560777 0.0430519480519 -0.322337662338
0.832769752366 0.0469736842105 -0.338881578947
0.801145584555 0.048417721519 -0.334620253165
0.801145584555 0.0505696202532 -0.349683544304
0.781364212097 0.0535185185185 -0.344197530864
0.791131264748 0.057375 -0.3474375
0.801145584555 0.0591772151899 -0.346455696203
0.832769752366 0.0648684210526 -0.343355263158
0.879034738609 0.0661111111111 -0.327013888889
0.930742664409 0.07 -0.31875
0.944634345967 0.0723134328358 -0.301940298507
0.973700018151 0.0771538461538 -0.290307692308
0.891415509575 0.0754225352113 -0.239436619718
0.879034738609 0.0755555555556 -0.221944444444
0.821954560777 0.0695454545455 -0.199805194805
0.832769752366 0.0693421052632 -0.197960526316
0.832769752366 0.0671052631579 -0.193486842105
0.832769752366 0.0648684210526 -0.192368421053
0.843873349064 0.0646 -0.189266666667
0.832769752366 0.0648684210526 -0.186776315789
0.791131264748 0.06375 -0.1774375
0.801145584555 0.0656329113924 -0.178607594937
0.801145584555 0.0656329113924 -0.175379746835
0.791131264748 0.068 -0.1731875
0.791131264748 0.068 -0.17425
0.791131264748 0.068 -0.17425
0.791131264748 0.065875 -0.1731875
0.781364212097 0.064012345679 -0.171049382716
0.771835380242 0.0601219512195 -0.171036585366
0.781364212097 0.0598148148148 -0.173148148148
0.771835380242 0.0621951219512 -0.171036585366
0.762536158793 0.0665662650602 -0.17
0.791131264748 0.074375 -0.1753125
0.771835380242 0.0829268292683 -0.168963414634
0.71112922674 0.085 -0.154719101124
0.71921024068 0.0888636363636 -0.151647727273
0.727477025055 0.0869540229885 -0.152413793103
0.71921024068 0.085 -0.151647727273
0.71921024068 0.0811363636364 -0.152613636364
0.71921024068 0.0734090909091 -0.153579545455
0.71112922674 0.0658988764045 -0.150898876404
0.703227790887 0.0604444444444 -0.146388888889
0.703227790887 0.0623333333333 -0.1445
0.71112922674 0.0658988764045 -0.145168539326
0.652479393606 0.0744845360825 -0.12793814433
0.608562511344 0.0817307692308 -0.117692307692
0.632905011798 0.0867 -0.11475
0.64582144061 0.0936734693878 -0.115357142857
0.652479393606 0.100773195876 -0.114793814433
0.639297991715 0.102171717172 -0.112474747475
0.639297991715 0.110757575758 -0.10904040404
0.620495109606 0.111666666667 -0.1025
0.614470885241 0.10645631068 -0.102330097087
0.620495109606 0.103333333333 -0.103333333333
0.614470885241 0.099854368932 -0.101504854369
0.626638625543 0.100148514851 -0.10099009901
0.614470885241 0.0982038834951 -0.10067961165
0.614470885241 0.0982038834951 -0.104805825243
0.652479393606 0.104278350515 -0.119175257732
0.659276053956 0.102708333333 -0.126614583333
0.652479393606 0.100773195876 -0.134948453608
0.639297991715 0.0987373737374 -0.142525252525
0.632905011798 0.0986 -0.14875
0.620495109606 0.0966666666667 -0.164166666667
0.570184695314 0.0911261261261 -0.163873873874
0.580646799815 0.0927981651376 -0.185596330275
0.586023159072 0.0944444444444 -0.196759259259
0.560092930795 0.0865044247788 -0.225663716814
0.591500011026 0.0961214953271 -0.251028037383
0.591500011026 0.0961214953271 -0.253411214953
0.614470885241 0.101504854369 -0.257475728155
0.608562511344 0.101346153846 -0.249278846154
0.632905011798 0.1071 -0.255
0.64582144061 0.109285714286 -0.253265306122
0.666215801893 0.113631578947 -0.248736842105
